   7.0000000e+06   6.9416667e+06   6.8833333e+06   6.8306927e+06   6.7823009e+06   6.7352792e+06   6.6892812e+06   6.6426218e+06   6.5962213e+06   6.5504573e+06   6.5054536e+06   6.4612517e+06   6.4178683e+06   6.3780689e+06   6.3411750e+06   6.3068688e+06   6.2750411e+06   6.2456396e+06   6.2186274e+06   6.1892397e+06   6.1571845e+06   6.1224037e+06   6.0848844e+06   6.0446388e+06   6.0016920e+06
   6.9513067e+06   6.9181085e+06   6.8701081e+06   6.8197755e+06   6.7721462e+06   6.7260078e+06   6.6808700e+06   6.6321852e+06   6.5836109e+06   6.5354586e+06   6.4878386e+06   6.4407797e+06   6.3942857e+06   6.3573992e+06   6.3232560e+06   6.2915324e+06   6.2621124e+06   6.2349358e+06   6.2099582e+06   6.1784009e+06   6.1440142e+06   6.1066646e+06   6.0663270e+06   6.0230034e+06   5.9767072e+06
   6.9629372e+06   6.9287245e+06   6.8798767e+06   6.8287854e+06   6.7804395e+06   6.7336005e+06   6.6877835e+06   6.6407072e+06   6.5938900e+06   6.5476731e+06   6.5021711e+06   6.4574181e+06   6.4134228e+06   6.3742925e+06   6.3380301e+06   6.3043111e+06   6.2730236e+06   6.2441108e+06   6.2175316e+06   6.1876992e+06   6.1551829e+06   6.1198905e+06   6.0818064e+06   6.0409420e+06   5.9973216e+06
   6.9768862e+06   6.9360450e+06   6.8828584e+06   6.8306911e+06   6.7821688e+06   6.7351481e+06   6.6891539e+06   6.6424871e+06   6.5960889e+06   6.5503280e+06   6.5053277e+06   6.4611292e+06   6.4177492e+06   6.3779718e+06   6.3410895e+06   6.3067936e+06   6.2749755e+06   6.2455830e+06   6.2185792e+06   6.1891739e+06   6.1571072e+06   6.1223144e+06   6.0847821e+06   6.0445226e+06   6.0015611e+06
   6.9511218e+06   6.9255947e+06   6.8807471e+06   6.8305998e+06   6.7821647e+06   6.7351964e+06   6.6892286e+06   6.6427348e+06   6.5967133e+06   6.5514763e+06   6.5071035e+06   6.4635952e+06   6.4209265e+06   6.3817571e+06   6.3453163e+06   6.3113908e+06   6.2798993e+06   6.2507938e+06   6.2240359e+06   6.1946855e+06   6.1626556e+06   6.1278920e+06   6.0903885e+06   6.0501614e+06   6.0072390e+06
   6.9336350e+06   6.9094125e+06   6.8657066e+06   6.8165060e+06   6.7689262e+06   6.7227993e+06   6.6776590e+06   6.6301286e+06   6.5830229e+06   6.5366475e+06   6.4910836e+06   6.4463314e+06   6.4023653e+06   6.3641977e+06   6.3287535e+06   6.2958108e+06   6.2652856e+06   6.2371276e+06   6.2112969e+06   6.1808763e+06   6.1477321e+06   6.1117981e+06   6.0730640e+06   6.0315427e+06   5.9872591e+06
   6.9512886e+06   6.9265879e+06   6.8840420e+06   6.8354299e+06   6.7874021e+06   6.7405052e+06   6.6945108e+06   6.6492393e+06   6.6049375e+06   6.5616882e+06   6.5194753e+06   6.4782441e+06   6.4379238e+06   6.3995352e+06   6.3634034e+06   6.3296309e+06   6.2982193e+06   6.2691423e+06   6.2423686e+06   6.2134012e+06   6.1817296e+06   6.1473226e+06   6.1101981e+06   6.0703843e+06   6.0279169e+06
   6.8788978e+06   6.8605903e+06   6.8240354e+06   6.7770017e+06   6.7265793e+06   6.6755437e+06   6.6247263e+06   6.5813908e+06   6.5413364e+06   6.5028113e+06   6.4652078e+06   6.4282762e+06   6.3918636e+06   6.3534278e+06   6.3162483e+06   6.2812418e+06   6.2485960e+06   6.2183297e+06   6.1904237e+06   6.1589850e+06   6.1242614e+06   6.0864588e+06   6.0456746e+06   6.0019676e+06   5.9553941e+06
   6.8337004e+06   6.8134749e+06   6.7746816e+06   6.7245281e+06   6.6700999e+06   6.6145332e+06   6.5588517e+06   6.5210541e+06   6.4876122e+06   6.4556215e+06   6.4242405e+06   6.3931568e+06   6.3621966e+06   6.3239972e+06   6.2865507e+06   6.2511942e+06   6.2181885e+06   6.1875687e+06   6.1593197e+06   6.1255371e+06   6.0882211e+06   6.0476668e+06   6.0039765e+06   5.9572042e+06   5.9073972e+06
   6.9098651e+06   6.8911633e+06   6.8546403e+06   6.8088979e+06   6.7608584e+06   6.7127100e+06   6.6650691e+06   6.6182757e+06   6.5726321e+06   6.5281241e+06   6.4846913e+06   6.4422985e+06   6.4009397e+06   6.3614576e+06   6.3241768e+06   6.2892724e+06   6.2567859e+06   6.2267063e+06   6.1990081e+06   6.1691955e+06   6.1365390e+06   6.1010290e+06   6.0627177e+06   6.0216473e+06   5.9778568e+06
   6.3237745e+06   6.3238034e+06   6.3077436e+06   6.2802008e+06   6.2482936e+06   6.2153458e+06   6.1825326e+06   6.0870717e+06   5.9775146e+06   5.8619858e+06   5.7416661e+06   5.6164891e+06   5.4861457e+06   5.4617747e+06   5.4652312e+06   5.4766957e+06   5.4911307e+06   5.5072275e+06   5.5246017e+06   5.4828962e+06   5.4252906e+06   5.3609255e+06   5.2917390e+06   5.2181064e+06   5.1400494e+06
   7.5814086e+06   7.5000000e+06   7.5000000e+06   7.5000000e+06   7.5000000e+06   7.5000000e+06   7.5000000e+06   7.5000000e+06   7.5000000e+06   7.5000000e+06   7.5000000e+06   7.5000000e+06   7.5000000e+06   7.5000000e+06   7.5000000e+06   7.5000000e+06   7.5000000e+06   7.5000000e+06   7.5000000e+06   7.5000000e+06   7.5000000e+06   7.5000000e+06   7.5000000e+06   7.5000000e+06   7.5000000e+06
   5.2193993e+06   5.2973708e+06   5.3734964e+06   5.4349251e+06   5.4859069e+06   5.5304814e+06   5.5705451e+06   5.4582516e+06   5.3115625e+06   5.1519405e+06   4.9826471e+06   4.8034014e+06   4.6130772e+06   4.5731729e+06   4.5771573e+06   4.5952248e+06   4.6188728e+06   4.6456131e+06   4.6746547e+06   4.4713014e+06   4.1812763e+06   3.8331647e+06   3.4244882e+06   2.9389269e+06   2.3437017e+06
   4.7309973e+06   4.7231572e+06   4.7048585e+06   4.6787586e+06   4.6486492e+06   4.6167861e+06   4.5843068e+06   4.5527499e+06   4.5222970e+06   4.4927841e+06   4.4640402e+06   4.4359394e+06   4.4083901e+06   4.3813818e+06   4.3553488e+06   4.3306215e+06   4.3073752e+06   4.2856879e+06   4.2655861e+06   4.2451400e+06   4.2234606e+06   4.2001534e+06   4.1750477e+06   4.1480761e+06   4.1192217e+06
   8.5157952e+06   8.5016829e+06   8.4687453e+06   8.4217654e+06   8.3675686e+06   8.3102149e+06   8.2517523e+06   8.1949498e+06   8.1401346e+06   8.0870114e+06   8.0352723e+06   7.9846909e+06   7.9351021e+06   7.8864872e+06   7.8396279e+06   7.7951187e+06   7.7532753e+06   7.7142382e+06   7.6780550e+06   7.6412520e+06   7.6022291e+06   7.5602761e+06   7.5150858e+06   7.4665370e+06   7.4145991e+06
   7.5000000e+01   3.7242331e+01   1.3151548e+01   4.9806584e+00   4.5751276e+00   4.4422584e+00   4.3423414e+00   4.4014719e+00   4.3737739e+00   4.3105815e+00   4.2358525e+00   4.1573864e+00   4.0775018e+00   3.7381997e+00   3.4631862e+00   3.2184478e+00   2.9843539e+00   2.7555120e+00   2.5304420e+00   2.7516133e+00   2.9997780e+00   3.2529329e+00   3.5068369e+00   3.7590919e+00   4.0084823e+00
  -2.0000000e+01  -1.9009395e+01  -1.8106111e+01  -1.7261927e+01  -1.6441551e+01  -1.5615425e+01  -1.4786972e+01  -1.6437079e+01  -1.8104446e+01  -1.9773278e+01  -2.1442625e+01  -2.3112103e+01  -2.4781592e+01  -2.3160163e+01  -2.1506465e+01  -1.9851230e+01  -1.8195433e+01  -1.6539340e+01  -1.4883025e+01  -1.6518955e+01  -1.8172471e+01  -1.9825387e+01  -2.1478213e+01  -2.3131078e+01  -2.4784037e+01
  -2.8682777e+01  -2.0448647e+01  -1.2703513e+01  -9.7851462e+00  -9.1158925e+00  -8.5418891e+00  -7.9649625e+00  -9.0361832e+00  -1.0111858e+01  -1.1171968e+01  -1.2235734e+01  -1.3316366e+01  -1.4424115e+01  -1.3247969e+01  -1.1953763e+01  -1.0645028e+01  -9.3243929e+00  -7.9923392e+00  -6.6486055e+00  -7.7963365e+00  -9.0042926e+00  -1.0194851e+01  -1.1372798e+01  -1.2540378e+01  -1.3698930e+01
   8.6827766e+00   4.5282473e+00  -9.9563112e-01  -2.8711330e+00  -2.9708456e+00  -2.8576095e+00  -2.7010939e+00  -3.1699283e+00  -3.7880933e+00  -4.4538275e+00  -5.1265964e+00  -5.7855332e+00  -6.4180185e+00  -6.4106260e+00  -6.3097017e+00  -6.1923421e+00  -6.0759676e+00  -5.9653237e+00  -5.8621560e+00  -6.0613315e+00  -6.2690492e+00  -6.4857645e+00  -6.7140500e+00  -6.9542784e+00  -7.2063039e+00
   1.6719448e+01   1.0553487e+01   4.8817920e+00   1.7683858e+00   8.1783861e-01   2.5546590e-01  -2.7629238e-01  -1.0182088e+00  -1.9191708e+00  -2.8010071e+00  -3.6163681e+00  -4.3559406e+00  -5.0135136e+00  -5.5220147e+00  -5.8643572e+00  -6.1289315e+00  -6.3490663e+00  -6.5340245e+00  -6.6865122e+00  -6.7133924e+00  -6.7183816e+00  -6.7153829e+00  -6.7095814e+00  -6.7038426e+00  -6.7002991e+00
   2.0000000e+01   1.9161232e+01   1.8356348e+01   1.7650940e+01   1.6996028e+01   1.6339903e+01   1.5680456e+01   1.6330462e+01   1.7000386e+01   1.7672462e+01   1.8345098e+01   1.9017724e+01   1.9690159e+01   1.9064526e+01   1.8417185e+01   1.7768253e+01   1.7118701e+01   1.6468772e+01   1.5818540e+01   1.6453072e+01   1.7100744e+01   1.7747986e+01   1.8395192e+01   1.9042530e+01   1.9690082e+01
   7.7878785e+00   7.7453035e+00   7.6765995e+00   7.6074861e+00   7.5475097e+00   7.4930639e+00   7.4415912e+00   7.3877537e+00   7.3333883e+00   7.2793769e+00   7.2261235e+00   7.1738022e+00   7.1224872e+00   7.0777765e+00   7.0374517e+00   7.0006010e+00   6.9668068e+00   6.9358576e+00   6.9076348e+00   6.8744640e+00   6.8373907e+00   6.7968504e+00   6.7530680e+00   6.7061735e+00   6.6562510e+00
   2.3856537e+00   5.8985016e+00   1.1742438e+01   1.4736558e+01   1.5477493e+01   1.5563947e+01   1.5467688e+01   1.7160989e+01   1.9412736e+01   2.1767186e+01   2.4081562e+01   2.6306852e+01   2.8418383e+01   2.9060778e+01   2.9247513e+01   2.9291838e+01   2.9275544e+01   2.9220359e+01   2.9133072e+01   2.9368721e+01   2.9581254e+01   2.9779513e+01   2.9982949e+01   3.0200412e+01   3.0436835e+01
  -3.7614346e+01  -3.5799495e+01  -3.3945632e+01  -3.3320520e+01  -3.3871920e+01  -3.4909130e+01  -3.6090785e+01  -3.5448430e+01  -3.4148590e+01  -3.2674581e+01  -3.1188804e+01  -2.9751161e+01  -2.8393522e+01  -2.8290002e+01  -2.8528005e+01  -2.8829202e+01  -2.9130268e+01  -2.9417112e+01  -2.9686891e+01  -3.0335439e+01  -3.1124616e+01  -3.1972702e+01  -3.2850214e+01  -3.3743863e+01  -3.4644528e+01
   4.0000000e+01   3.7988751e+01   3.9303334e+01   4.0767623e+01   4.2153064e+01   4.3451418e+01   4.4677037e+01   4.5841056e+01   4.6942669e+01   4.7984881e+01   4.8972546e+01   4.9910782e+01   5.0804461e+01   5.1634745e+01   5.2398720e+01   5.3098144e+01   5.3736470e+01   5.4317259e+01   5.4843748e+01   5.5404228e+01   5.6007022e+01   5.6650486e+01   5.7331935e+01   5.8048488e+01   5.8797149e+01
  -1.0000000e+01  -9.7365554e+00  -9.4016604e+00  -9.0551960e+00  -8.7125172e+00  -8.3734531e+00  -8.0360851e+00  -8.2323915e+00  -8.5351504e+00  -8.8572995e+00  -9.1824529e+00  -9.5074438e+00  -9.8315360e+00  -9.7980389e+00  -9.6701910e+00  -9.5159869e+00  -9.3542674e+00  -9.1903501e+00  -9.0257357e+00  -9.4038180e+00  -9.9120576e+00  -1.0446469e+01  -1.0979891e+01  -1.1500889e+01  -1.1996678e+01
  -5.0000000e+01  -5.1007191e+01  -5.2103867e+01  -5.3585262e+01  -5.5443994e+01  -5.7469536e+01  -5.9549446e+01  -5.6748340e+01  -5.3229973e+01  -4.9557666e+01  -4.5840776e+01  -4.2107333e+01  -3.8364699e+01  -3.7983599e+01  -3.8024568e+01  -3.8135925e+01  -3.8260819e+01  -3.8387366e+01  -3.8512929e+01  -3.9889312e+01  -4.1371315e+01  -4.2869183e+01  -4.4372774e+01  -4.5879580e+01  -4.7389265e+01
  -1.4597775e+01  -1.4476600e+01  -1.4436026e+01  -1.4694777e+01  -1.5208043e+01  -1.5818763e+01  -1.6465739e+01  -1.5657503e+01  -1.4284065e+01  -1.2693397e+01  -1.0982462e+01  -9.1685669e+00  -7.2406913e+00  -6.6871056e+00  -6.5936437e+00  -6.6118372e+00  -6.6607182e+00  -6.7230316e+00  -6.7948464e+00  -7.4231650e+00  -8.1823324e+00  -8.9565437e+00  -9.7233222e+00  -1.0476939e+01  -1.1213236e+01
   1.5000000e+01   1.4750085e+01   1.4452916e+01   1.4169288e+01   1.3906547e+01   1.3653553e+01   1.3403999e+01   1.3971162e+01   1.4680581e+01   1.5413836e+01   1.6150621e+01   1.6887309e+01   1.7623206e+01   1.7429579e+01   1.7009988e+01   1.6533136e+01   1.6041732e+01   1.5546550e+01   1.5050259e+01   1.5129445e+01   1.5333654e+01   1.5564348e+01   1.5800688e+01   1.6038161e+01   1.6275748e+01
   2.9597775e+01   2.3980765e+01   1.8650063e+01   1.6049873e+01   1.5667214e+01   1.6004810e+01   1.6554385e+01   1.6560056e+01   1.6226556e+01   1.5695042e+01   1.5029327e+01   1.4250144e+01   1.3353934e+01   1.3136154e+01   1.3241701e+01   1.3449144e+01   1.3683155e+01   1.3922735e+01   1.4162588e+01   1.4287815e+01   1.4467708e+01   1.4687897e+01   1.4922165e+01   1.5157631e+01   1.5388312e+01
   7.7878785e+00   7.7602051e+00   7.7113676e+00   7.6570525e+00   7.6046581e+00   7.5535050e+00   7.5031633e+00   7.4475419e+00   7.3910515e+00   7.3352289e+00   7.2804907e+00   7.2269245e+00   7.1745398e+00   7.1287805e+00   7.0865894e+00   7.0472524e+00   7.0106444e+00   6.9767383e+00   6.9455121e+00   6.9129750e+00   6.8782076e+00   6.8407122e+00   6.8002916e+00   6.7568803e+00   6.7104670e+00
   7.7878785e+00   7.7887128e+00   7.7778743e+00   7.7518527e+00   7.7139407e+00   7.6690627e+00   7.6208606e+00   7.5618073e+00   7.5012351e+00   7.4419320e+00   7.3843380e+00   7.3283755e+00   7.2739299e+00   7.2261507e+00   7.1803803e+00   7.1362823e+00   7.0942910e+00   7.0547309e+00   7.0177644e+00   6.9864253e+00   6.9560438e+00   6.9243408e+00   6.8903129e+00   6.8535222e+00   6.8137745e+00
  -7.4375000e+01  -3.1713380e+01  -7.6276722e+00   0.0000000e+00   0.0000000e+00   0.0000000e+00   0.0000000e+00   0.0000000e+00   0.0000000e+00   0.0000000e+00   0.0000000e+00   0.0000000e+00   0.0000000e+00   0.0000000e+00   0.0000000e+00   0.0000000e+00   0.0000000e+00   0.0000000e+00   0.0000000e+00   0.0000000e+00   0.0000000e+00   0.0000000e+00   0.0000000e+00   0.0000000e+00   0.0000000e+00
   1.9166667e+01   1.9166667e+01   1.8333333e+01   1.7500000e+01   1.6666667e+01   1.5833333e+01   1.5000000e+01   1.6666667e+01   1.8333333e+01   2.0000000e+01   2.1666667e+01   2.3333333e+01   2.5000000e+01   2.3333333e+01   2.1666667e+01   2.0000000e+01   1.8333333e+01   1.6666667e+01   1.5000000e+01   1.6666667e+01   1.8333333e+01   2.0000000e+01   2.1666667e+01   2.3333333e+01   2.5000000e+01
   0.0000000e+00   0.0000000e+00   0.0000000e+00   0.0000000e+00   0.0000000e+00   0.0000000e+00   0.0000000e+00   0.0000000e+00   0.0000000e+00   0.0000000e+00   0.0000000e+00   0.0000000e+00   0.0000000e+00   0.0000000e+00   0.0000000e+00   0.0000000e+00   0.0000000e+00   0.0000000e+00   0.0000000e+00   0.0000000e+00   0.0000000e+00   0.0000000e+00   0.0000000e+00   0.0000000e+00   0.0000000e+00
   0.0000000e+00   0.0000000e+00   0.0000000e+00   0.0000000e+00   0.0000000e+00   0.0000000e+00   0.0000000e+00   0.0000000e+00   0.0000000e+00   0.0000000e+00   0.0000000e+00   0.0000000e+00   0.0000000e+00   0.0000000e+00   0.0000000e+00   0.0000000e+00   0.0000000e+00   0.0000000e+00   0.0000000e+00   0.0000000e+00   0.0000000e+00   0.0000000e+00   0.0000000e+00   0.0000000e+00   0.0000000e+00
   0.0000000e+00   0.0000000e+00   0.0000000e+00   0.0000000e+00   0.0000000e+00   0.0000000e+00   0.0000000e+00   0.0000000e+00   0.0000000e+00   0.0000000e+00   0.0000000e+00   0.0000000e+00   0.0000000e+00   0.0000000e+00   0.0000000e+00   0.0000000e+00   0.0000000e+00   0.0000000e+00   0.0000000e+00   0.0000000e+00   0.0000000e+00   0.0000000e+00   0.0000000e+00   0.0000000e+00   0.0000000e+00
   1.9333333e+01   1.9333333e+01   1.8666667e+01   1.8000000e+01   1.7333333e+01   1.6666667e+01   1.6000000e+01   1.6666667e+01   1.7333333e+01   1.8000000e+01   1.8666667e+01   1.9333333e+01   2.0000000e+01   1.9333333e+01   1.8666667e+01   1.8000000e+01   1.7333333e+01   1.6666667e+01   1.6000000e+01   1.6666667e+01   1.7333333e+01   1.8000000e+01   1.8666667e+01   1.9333333e+01   2.0000000e+01
   0.0000000e+00   0.0000000e+00   0.0000000e+00   0.0000000e+00   0.0000000e+00   0.0000000e+00   0.0000000e+00   0.0000000e+00   0.0000000e+00   0.0000000e+00   0.0000000e+00   0.0000000e+00   0.0000000e+00   0.0000000e+00   0.0000000e+00   0.0000000e+00   0.0000000e+00   0.0000000e+00   0.0000000e+00   0.0000000e+00   0.0000000e+00   0.0000000e+00   0.0000000e+00   0.0000000e+00   0.0000000e+00
   0.0000000e+00   0.0000000e+00   0.0000000e+00   0.0000000e+00   0.0000000e+00   0.0000000e+00   0.0000000e+00   0.0000000e+00   0.0000000e+00   0.0000000e+00   0.0000000e+00   0.0000000e+00   0.0000000e+00   0.0000000e+00   0.0000000e+00   0.0000000e+00   0.0000000e+00   0.0000000e+00   0.0000000e+00   0.0000000e+00   0.0000000e+00   0.0000000e+00   0.0000000e+00   0.0000000e+00   0.0000000e+00
   5.2083333e+01   5.2083333e+01   5.4166667e+01   5.6250000e+01   5.8333333e+01   6.0416667e+01   6.2500000e+01   5.8750000e+01   5.5000000e+01   5.1250000e+01   4.7500000e+01   4.3750000e+01   4.0000000e+01   4.0000000e+01   4.0000000e+01   4.0000000e+01   4.0000000e+01   4.0000000e+01   4.0000000e+01   4.1666667e+01   4.3333333e+01   4.5000000e+01   4.6666667e+01   4.8333333e+01   5.0000000e+01
   0.0000000e+00   0.0000000e+00   0.0000000e+00   0.0000000e+00   0.0000000e+00   0.0000000e+00   0.0000000e+00   0.0000000e+00   0.0000000e+00   0.0000000e+00   0.0000000e+00   0.0000000e+00   0.0000000e+00   0.0000000e+00   0.0000000e+00   0.0000000e+00   0.0000000e+00   0.0000000e+00   0.0000000e+00   0.0000000e+00   0.0000000e+00   0.0000000e+00   0.0000000e+00   0.0000000e+00   0.0000000e+00
   1.4750000e+01   1.4750000e+01   1.4500000e+01   1.4250000e+01   1.4000000e+01   1.3750000e+01   1.3500000e+01   1.4250000e+01   1.5000000e+01   1.5750000e+01   1.6500000e+01   1.7250000e+01   1.8000000e+01   1.7500000e+01   1.7000000e+01   1.6500000e+01   1.6000000e+01   1.5500000e+01   1.5000000e+01   1.5250000e+01   1.5500000e+01   1.5750000e+01   1.6000000e+01   1.6250000e+01   1.6500000e+01
  -3.8666667e+01  -3.2152035e+01  -3.9303334e+01  -4.0767623e+01  -4.2153064e+01  -4.3451418e+01  -4.4677037e+01  -4.5841056e+01  -4.6942669e+01  -4.7984881e+01  -4.8972546e+01  -4.9910782e+01  -5.0804461e+01  -5.1634745e+01  -5.2398720e+01  -5.3098144e+01  -5.3736470e+01  -5.4317259e+01  -5.4843748e+01  -5.5404228e+01  -5.6007022e+01  -5.6650486e+01  -5.7331935e+01  -5.8048488e+01  -5.8797149e+01
   9.6666667e+00   9.6666667e+00   9.3333333e+00   9.0000000e+00   8.6666667e+00   8.3333333e+00   8.0000000e+00   8.3333333e+00   8.6666667e+00   9.0000000e+00   9.3333333e+00   9.6666667e+00   1.0000000e+01   9.8333333e+00   9.6666667e+00   9.5000000e+00   9.3333333e+00   9.1666667e+00   9.0000000e+00   9.5833333e+00   1.0166667e+01   1.0750000e+01   1.1333333e+01   1.1916667e+01   1.2500000e+01
   0.0000000e+00   0.0000000e+00   0.0000000e+00   0.0000000e+00   0.0000000e+00   0.0000000e+00   0.0000000e+00   0.0000000e+00   0.0000000e+00   0.0000000e+00   0.0000000e+00   0.0000000e+00   0.0000000e+00   0.0000000e+00   0.0000000e+00   0.0000000e+00   0.0000000e+00   0.0000000e+00   0.0000000e+00   0.0000000e+00   0.0000000e+00   0.0000000e+00   0.0000000e+00   0.0000000e+00   0.0000000e+00
   0.0000000e+00   0.0000000e+00   0.0000000e+00   0.0000000e+00   0.0000000e+00   0.0000000e+00   0.0000000e+00   0.0000000e+00   0.0000000e+00   0.0000000e+00   0.0000000e+00   0.0000000e+00   0.0000000e+00   0.0000000e+00   0.0000000e+00   0.0000000e+00   0.0000000e+00   0.0000000e+00   0.0000000e+00   0.0000000e+00   0.0000000e+00   0.0000000e+00   0.0000000e+00   0.0000000e+00   0.0000000e+00
